0 0.292 0.7087087087087087 0.13599999999999998 0.5345345345345345
0 1411.7647058823532 141.24438202247194 397.0588235294117 282.4887640449439
0 0.43066666666666675 0.22124773780402915 0.12592592592592594 0.4424954756080583
0 3736.323529411764 251.97997752808996 452.6470588235293 336.7266067415731
0 0.5401559454191035 0.6325606463390363 0.14801819363222873 0.49892107316881734
0 1962.5965759438102 427.9233960674159 479.670763827919 350.75688202247204
0 0.6118780257895655 0.6329170185341568 0.13967914046984975 0.4675603199982059
0 2316.0222701243547 518.6496578685943 393.7595822467988 357.17316644971237
0 0.9066446026861161 0.57815093460856 0.13206027826240352 0.4451622208366152
0 2673.021779483076 559.3466568929458 363.4703836124295 372.8977712619639
