0 0.09940732758620689 0.391875 0.16217672413793102 0.6204166666666666
0 5601.913621262459 1498.9926124916053 2398.617940199336 1553.7944929482878
0 0.5207165255739739 0.6078667444674964 0.13507778565729994 0.4974917876901797
0 11478.571346540335 1896.513718106998 2021.0577088716618 1232.1811438257446
0 0.8787477924079292 0.7657153371707741 0.10687473150907245 0.4276968549962882
0 18816.42153954126 2196.649306687452 1665.501260088684 1138.6569583361245
0 1.3323316248237744 0.8237775153727276 0.09126381567066866 0.3916895222347937
0 26878.122309194347 2408.795605807474 1687.4157503530114 1085.0430656790425
0 1.5888200637211836 0.8658642497402087 0.09600479310810583 0.3787868085611771
0 30519.30955885384 2486.8870264468555 1916.5709757095938 1071.8430283836767
0 1.6633873936339199 0.8648654471335249 0.10017891454758865 0.401178146998291
0 35426.616629132026 2329.389093080339 2854.8921825674115 1159.0860655776964
