0 0.144 0.4118387909319899 0.128 0.35012594458438284
0 917.96875 414.13669064748206 335.9375 428.4172661870505
0 0.5953488372093023 0.27426532325776654 0.11906976744186037 0.25909319899244326
0 516.5039062500005 1034.3768228660317 713.8671875000006 571.223021582734
0 0.1828071135430915 0.47267002518891676 0.11346648426812578 0.29060453400503766
0 1308.7565104166677 612.5162520585943 555.2300347222226 302.81702348964217
0 0.38542583545045894 0.7331159835127086 0.1188696501856556 0.5481858255095027
0 2342.9024950021058 384.90597564044884 614.1180687079127 299.16862561627306
0 0.26460709801601423 0.38105600065904455 0.08304591999271832 0.35431522868297116
0 2902.0089129138614 306.2244894279777 577.9934764309764 301.9909711409549
