0 0.20400000000000001 0.6081081081081081 0.136 0.6576576576576576
0 1286.764705882353 318.55479452054794 470.58823529411757 317.79452054794524
0 0.5323125000000001 0.6875511875511875 0.12962500000000005 0.6136040346566662
0 316.2970106075216 286.0150684931507 385.7280617164897 216.75216016859852
0 1.1458850000000005 0.9088721415591221 0.08814499999999992 0.28604097856175414
0 5207.328833172618 936.928692341684 680.6965794996886 356.5922635031782
0 0.5957132916666662 0.5398322389523302 0.06610874999999994 0.17667236911167172
0 3380.7930115151203 812.237933535017 499.1774916331051 322.6310955504946
0 0.5629260227272721 0.5021214701068564 0.06009886363636352 0.198368975844684
0 6056.68689848168 977.9755083874369 599.0129899597268 453.6999781178831
0 0.21285014204545405 0.28212476564577277 0.06844592803030286 0.16751157960217758
0 175.32087511016397 793.9749617062954 350.64175022032794 262.66840838403755
