0 0.13965267727930536 0.5051150895140665 0.2532561505065123 0.9053708439897699
0 1283.2857142857142 185.5593220338983 379.0628571428572 198.8135593220339
0 1.2174761818620357 2.2156436487638533 0.9840056681138446 3.425319693094629
0 579.2649559555725 74.59157768983799 140.2430945997702 148.01538116926756
0 6.0252520982333255 2.320704762481272 0.9697447164020501 3.3442470376367677
0 880.6441381485567 184.3464292744514 284.61098609953353 98.37789980745256
0 3.996683387345406 5.306069767922167 1.2051537598764606 5.265410229470657
0 861.3008850475683 99.89724961142865 111.18913159573617 86.60293882663777
0 12.101002865028192 6.714552737800847 0.6385516190390188 2.667345971508161
0 968.5982801684925 168.8944759367979 123.71748445159392 33.36650024056607
