0 0.40937500000000004 0.4826388888888889 0.21875000000000006 0.9319444444444444
0 4804.5714285714275 531.1475409836066 649.1428571428569 409.8956780923994
0 1.8817121478873247 1.0661249272833042 0.1401848591549295 0.2342059336823734
0 8214.153846153851 1974.7578241430706 634.8759811616965 559.3368107302533
0 1.3979108146067394 0.8206146836657209 0.1685368531413196 0.2932043749916736
0 5571.481741222737 1343.7725818763406 201.736293079417 150.06597361055583
0 3.591322061790775 3.065318465822042 0.8773830295886369 1.0795251988329797
0 824.6113448754699 366.8279354924699 90.04049239137817 68.5486546122292
0 6.708093036348567 5.930094504400087 0.7107913151097822 1.1816424473712344
0 914.473750849934 345.7052519641437 36.57895003399733 56.70073900023897
0 16.047480844978562 6.446124097226662 0.9841725901520082 0.8289133586037023
