0 0.08452535760728218 0.5075231481481481 0.07672301690507152 0.5474537037037037
0 2554.64406779661 835.6871035940803 729.8983050847455 337.9281183932346
0 0.030826212149359104 1.1289383133133135 0.06165242429871821 0.5296984484484485
0 4127.980414312617 734.3801008657446 989.417702448211 294.5071869795788
0 0.32241185821788687 1.0305351224622057 0.08085563842454846 0.8047341812966813
0 4668.814783427494 528.1247023895401 2312.763879472693 653.6319846044661
0 0.19868003131593587 0.6876958450434567 0.10766339020167146 1.1489645820414593
0 5493.975239791558 383.38866740115486 529.4278760238694 216.7168630712544
0 1.2116853476205658 2.00261296628913 0.11521871582985899 1.1720361599940992
0 6066.722710503025 408.6904622485467 1371.3049903569072 324.222078610538
0 0.5997936314560697 1.5837909688341316 0.044483175098869565 0.5705965515760747
0 19827.72133598022 725.5564353770958 1483.7070387468193 399.5818049902847
0 0.6487129701918477 1.0460936778894703 0.04380918759737151 0.5956227161188851
0 23259.961115123224 619.5196892496431 1141.3131067283248 292.1312355811325
0 0.8801265788311923 1.6105775168616976 0.11478007150511316 0.8592028835967822
0 9343.956541726173 527.8148021356319 723.1220447209998 413.17365988566553
0 1.5446908418218241 1.1072825894240224 0.1106313942217958 1.0044202723737032
0 10702.2062618708 411.68026111499444 849.668402547175 395.2528746376126
0 1.5712011838946531 1.1701369671859891 0.35543277718066313 2.0265507258723834
