0 0.105 0.4984984984984985 0.21 0.996996996996997
0 1645.2380952380954 170.5120481927711 919.0476190476193 324.9759036144578
0 0.0810621761658031 0.41541541541541543 0.040259067357512945 0.3323323323323323
0 2980.6949806949815 335.507530120482 1043.2432432432438 279.8403614457832
0 0.15384715025906726 0.4395363105040524 0.03738341968911915 0.20726102446532552
0 3076.230076230078 1126.5986965101788 2728.4823284823296 815.3969152471959
0 0.0690860256019506 0.2127798091404377 0.034084882657726294 0.11896046966353002
0 7569.338072563882 1290.3446029942738 1173.5407864440122 1269.3292185806863
0 0.16786804708930206 0.07287313538991078 0.05112732398658948 0.06854013815051066
0 4928.871303064849 1116.134312889914 391.18026214800466 277.20982934520737
